public/data/weather/current/current-wind-surface-level-gfs-1.0.json
{"header": { "discipline":0, "disciplineName":"Meteorological products", "gribEdition":2, "gribLength":79714, "center":7, "centerName":"US National Weather Service - NCEP(WMC)", "subcenter":0, "refTime":"2026-05-29T06:00:00.000Z", "significanceOfRT":1, "significanceOfRTName":"Start of forecast", "productStatus":0, "productStatusName":"Operational products", "productType":1, "productTypeName":"Forecast products", "productDefinitionTemplate":0, "productDefinitionTemplateName":"Analysis/forecast at horizontal level/layer at a point in time", "parameterCategory":2, "parameterCategoryName":"Momentum", "parameterNumber":3, "parameterNumberName":"V-component_of_wind", "parameterUnit":"m.s-1", "genProcessType":2, "genProcessTypeName":"Forecast", "forecastTime":0, "surface1Type":103, "surface1TypeName":"Specified height level above ground", "surface1Value":10.0, "surface2Type":255, "surface2TypeName":"Missing", "surface2Value":0.0, "gridDefinitionTemplate":0, "gridDefinitionTemplateName":"Latitude_Longitude", "numberPoints":65160, "shape":6, "shapeName":"Earth spherical with radius of 6,371,229.0 m", "gridUnits":"degrees", "resolution":48, "winds":"true", "scanMode":0, "nx":360, "ny":181, "basicAngle":0, "lo1":0.0, "la1":90.0, "lo2":359.0, "la2":-90.0, "dx":1.0, "dy":1.0 }, "data":
[rows 52 to 77 of 181, columns 59 to 117 of 360]
3.4819214,7.941921,6.6019216,3.7619214,1.5119214,-3.1780787,-6.4080787,2.8519213,3.3119214,0.111921385,0.81192136,-0.2880786,0.17192139,-0.88807863,0.3919214,-1.0680786,1.9319214,0.0019213867,-1.6180786,-2.7080786,-2.3080785,-0.6580786,-1.5580786,-3.2380786,-2.9880786,-1.6980786,-0.6180786,-2.6680787,-4.0980787,-0.94807863,0.031921387,-3.9080787,0.6619214,-2.2680786,-3.3280785,-1.2580786,2.2019215,1.6019214,3.1019213,-4.4880786,-2.3980787,-5.6580787,-6.2380786,-6.0980787,-2.4980786,-1.4280787,0.9019214,-0.88807863,-0.3780786,-1.2580786,1.3419213,0.10192139,-2.7680786,-1.8380786,-2.6980786,-2.7180786,1.3319213,0.7519214,-0.4180786
2.0119214,2.5819213,5.3719215,3.2619214,0.9619214,-2.6380787,-3.4880786,-0.6680786,-0.3780786,0.8219214,-0.8980786,0.47192138,0.12192139,-0.13807862,-0.94807863,-1.4580786,-1.5580786,1.1019214,-1.3580786,-1.6180786,-4.1680784,-3.1880786,-3.0880785,-2.9780786,-4.3680787,-5.518079,-4.4180784,0.09192139,0.5219214,-1.0580786,-0.75807863,0.3319214,3.4119215,-2.1880786,-3.0680785,-3.6380787,-3.0280786,0.031921387,2.6719215,0.42192137,2.3819213,2.4219215,1.9019214,2.7819214,-3.8380785,-2.2980785,-0.008078613,0.9419214,1.0819213,0.41192138,0.3719214,-1.4080787,-1.5780786,-2.0780785,-1.1980786,1.0519214,1.3119214,-0.8480786,-0.3480786
0.7919214,0.2519214,2.4919214,2.2919214,0.3119214,-1.3480786,-2.9980786,-3.1980786,-2.5180786,-3.1080787,-2.0780785,-2.3480787,-1.0980786,-1.4380786,-1.1780787,-1.8980786,-1.6180786,-2.0280786,-1.9280787,-3.6280787,-3.9980786,-3.1080787,-1.4880786,-2.6180787,-3.3680787,-1.0780786,2.8319213,3.4419215,1.4919214,3.2919214,2.9319215,4.1019216,0.99192137,-0.7480786,-0.5480786,-2.6780787,-4.4680786,-5.978079,-3.9980786,-2.7480786,-2.8080785,-6.768079,-0.9280786,-0.20807861,0.48192137,-2.2880785,-0.4380786,-0.3180786,2.2119215,0.44192138,0.3019214,-2.7980785,1.9419214,-2.4580786,-2.4380786,0.2119214,-0.3480786,-2.4480786,-1.2780786
2.3219213,0.4619214,-1.3380786,-1.4180787,-1.9680786,-3.2080786,-5.808079,-3.9780786,-4.8580785,-4.038079,-2.1880786,2.3319213,3.0219214,2.2419214,-0.8380786,-1.5880786,-1.1980786,-1.6980786,-1.1580787,-1.6480786,-2.2380786,0.20192139,-0.22807862,-1.7080786,-0.56807864,0.5219214,2.4519215,-0.5480786,5.521921,6.251921,4.6219215,3.2619214,2.2119215,0.2819214,-0.15807861,-1.9680786,-1.0980786,-2.3880787,1.1319214,-3.5780785,-3.4680786,-3.9180787,-4.0880785,-2.7080786,-2.0180786,-3.2280786,0.55192137,-0.29807863,1.9719214,-0.5480786,3.7819214,4.1519213,-0.62807864,0.6419214,0.74192137,-2.3380785,-2.6180787,-1.6180786,-1.4480786
-1.8280786,1.2419214,-3.4580786,-4.7980785,-6.1480784,-8.808079,-9.518079,-5.1280785,-2.5080786,-6.3980784,-2.1980786,0.6919214,-2.4780786,-1.6180786,3.5619214,1.6119214,1.5019214,1.0619214,-2.3180785,-2.2080786,-2.5880785,-1.4180787,-0.5480786,-0.33807862,3.4819214,4.0119214,0.4019214,-1.2580786,7.6819215,5.6719213,6.4519215,4.8019214,0.9119214,-0.038078614,-2.2680786,-0.69807863,-0.018078614,-1.5580786,2.6419213,-2.7080786,-4.3780785,-3.3480787,-3.6980786,-0.42807862,-2.2180786,1.8819214,0.13192138,1.3119214,-1.1080786,-1.5880786,3.4519215,1.8719214,0.7319214,-0.19807862,1.2819214,2.2519214,-2.0380785,-2.7180786,-2.0680785
-3.9780786,0.35192138,-5.1980786,-8.438079,-1.7980787,-3.3680787,-7.4480786,-4.5080786,-2.6680787,-0.8380786,-4.7380786,-0.15807861,3.5919213,-0.7680786,1.6419214,4.1519213,4.2619214,1.4919214,1.4719214,1.5119214,-1.0280786,-1.5580786,-2.3280785,-1.7680786,2.1619215,1.8619214,2.1819215,3.9319215,4.9219213,5.8419213,3.4319215,0.9619214,0.29192138,1.8419213,2.6419213,-0.6580786,-0.4780786,-1.8780786,-0.2580786,0.1819214,-1.6080786,-1.8580786,-0.5880786,-0.07807861,-2.8880787,-1.6980786,-1.9580786,0.021921387,0.2819214,0.3119214,0.45192137,-0.62807864,0.12192139,-1.0280786,-0.6780786,-3.2880785,-4.1080785,-1.9880786,-2.3880787
-3.5780785,-2.7480786,-7.748079,-6.728079,-7.2180786,4.2219214,-8.788078,-9.528079,-0.5380786,-4.5880785,-2.1880786,0.5019214,2.6319213,0.6519214,-0.6580786,1.9019214,3.7119215,1.5119214,3.1219213,2.5719213,0.8919214,-0.81807864,-0.7880786,3.1419213,4.4519215,5.481921,0.10192139,4.4719214,3.7219214,3.5319214,2.8019214,4.5319214,-0.21807861,1.2619214,3.0819213,-0.11807861,0.5919214,-0.42807862,-2.4880786,-0.42807862,-0.5780786,-1.9580786,-2.1080787,-2.1680787,-1.2080786,1.0019214,0.1819214,-1.2580786,-1.3880786,-1.7680786,-1.8180786,-1.2380786,-1.0580786,-3.7980785,-2.6780787,-1.9580786,-3.6580787,-1.2880787,-2.4180787
-3.8480787,-1.5180786,-5.0880785,-6.6980786,-8.868078,-3.0780785,-6.8580785,-5.8980784,-3.4580786,-6.5880785,-2.6380787,1.2019213,3.5619214,1.0819213,2.2219214,2.7919214,4.3019214,5.3719215,3.8619213,2.4319215,2.0319214,5.3419213,0.81192136,6.6119213,9.801922,0.9119214,0.5819214,2.6419213,-1.7480786,0.86192137,3.4819214,1.1919214,7.1219215,4.461921,1.5719213,2.5119214,0.8219214,-0.50807863,-1.9580786,-2.5580785,-3.1980786,-2.8280785,-2.7280786,-2.4380786,0.32192138,2.6719215,-1.7380786,0.3119214,-0.20807861,-1.3680786,-0.16807862,-0.068078615,-1.0380787,-1.8880786,-2.9880786,-3.7180786,-4.268079,-2.2180786,-3.1780787
-1.2480786,-5.9680786,-3.4480786,-6.728079,-5.7780786,-8.988079,-6.8580785,-2.3580787,-4.0280786,2.3319213,-2.6980786,0.41192138,2.1619215,0.5819214,-1.7280786,0.99192137,4.5419216,5.1219215,4.4519215,7.3019214,3.0919213,2.4919214,1.9619213,2.7619214,5.0819216,5.7819214,6.3519216,6.8019214,6.4119215,3.9819214,1.4419214,3.2019215,3.4219215,2.1019213,1.5219214,0.09192139,0.6419214,-0.29807863,0.5919214,0.3919214,0.14192139,1.8819214,-0.81807864,0.55192137,0.6319214,2.2219214,0.38192138,-1.7280786,1.0119214,-0.32807863,0.5319214,0.4319214,-0.24807861,-2.7880785,-2.1380787,-1.2080786,-0.8580786,0.32192138,-2.3480787
-7.0980787,0.10192139,-7.0780787,-8.318079,-8.718079,-8.818079,-6.3480787,-8.298079,-12.298079,-6.3280787,3.4619215,2.6219213,0.9219214,1.2819214,1.7319214,2.0219214,4.021921,4.6119213,5.001921,3.5619214,3.7419214,3.8119214,2.8319213,1.9619213,1.4219214,3.3219213,3.9219215,7.3619213,4.1819215,4.461921,3.2919214,0.6519214,2.1019213,4.1819215,1.5919213,2.7319214,1.7519214,3.0319214,1.6019214,2.0819213,2.8619213,1.9819214,2.4719214,-1.3380786,-0.39807862,-0.75807863,-0.33807862,0.48192137,0.09192139,-0.9080786,-1.4580786,-1.8580786,-1.2480786,-1.3280786,-4.9480786,-1.5080786,-0.8480786,-5.248079,-3.9480786
-6.3680787,-2.9080787,-2.6980786,-3.6880786,-5.1180787,-5.6680784,-4.4380784,-7.6380787,-5.0880785,-3.0580785,-3.5280786,0.9419214,2.0219214,3.9319215,3.5519214,4.021921,4.4719214,4.8319216,3.9819214,1.3419213,2.8719213,5.3919215,5.001921,1.2719214,-0.56807864,-1.8680786,-1.2580786,2.5119214,2.8919213,4.001921,6.8019214,2.9619215,4.7619214,3.9719214,1.5419214,1.2419214,2.0719213,1.3419213,1.7519214,2.2919214,1.9619213,2.8419213,2.1219213,-2.3880787,-1.6680787,-1.5980786,-0.8480786,-1.7180786,-1.7780786,-0.3480786,0.0019213867,-2.6080787,-1.9880786,-3.4480786,-5.1580787,-0.18807861,-3.7380786,-5.1580787,-2.3580787
-4.5480785,-1.9780786,-3.7080786,-3.6280787,-6.0980787,-8.568079,-8.098079,-8.188079,-6.018079,-2.9380786,-1.3780786,1.2919214,1.4919214,5.3219213,5.711921,4.5419216,4.0719213,4.6119213,2.9219215,1.0919213,-1.0180786,2.4019213,1.8119214,0.81192136,-2.4480786,-4.3180785,-5.7780786,3.3919213,3.0519214,2.8019214,1.4419214,2.8719213,2.5819213,2.6019213,2.2219214,0.031921387,-0.8280786,-0.7680786,1.6019214,0.81192136,1.0319214,3.1819215,2.9719214,-2.0980787,-1.5380787,-2.6180787,-2.2880785,-2.2080786,-1.0180786,-0.32807863,-1.0680786,-2.0780785,-2.7480786,-5.1980786,-5.2580786,-0.9180786,-4.288079,-2.3580787,-2.2180786
-2.0580785,0.5319214,2.5619214,2.2619214,-0.9180786,-7.1580787,-1.3780786,-0.5580786,-0.7980786,-4.6580787,1.8619214,5.0319214,4.3119216,5.9019213,5.9719214,2.9019213,3.9419215,4.2419214,2.5919213,2.5919213,1.6319214,0.031921387,-0.9180786,0.23192139,-0.5180786,0.6419214,1.2419214,1.4119214,1.6819214,1.1619214,0.061921388,-0.13807862,-0.45807862,-2.0980787,-0.6680786,-1.6080786,0.23192139,0.7219214,-1.0480787,0.4319214,1.8419213,1.6019214,1.3319213,1.4419214,-0.29807863,-3.0780785,0.061921388,-4.3580785,-1.6580787,-1.2780786,-2.0480785,-0.008078613,-1.7380786,-2.2380786,-3.2680786,-0.88807863,-3.6380787,-3.6480787,-1.8680786
1.7419214,0.17192139,1.4019214,3.3719213,2.1319213,1.5819213,1.6919214,2.3119214,0.7319214,3.2019215,3.5519214,5.0419216,6.441921,7.461921,5.0319214,4.021921,3.6519213,3.3119214,3.7019215,2.3519213,1.7319214,1.3019214,-1.1480786,-2.3480787,-1.6980786,0.09192139,0.5419214,1.5619214,1.6119214,0.3919214,0.6519214,1.0419214,0.99192137,0.3619214,2.1419213,2.7119215,2.4819214,0.7819214,0.8519214,0.38192138,1.1719214,2.1719215,3.1919215,3.0619214,2.3819213,2.1419213,-1.1780787,-1.5780786,-1.6080786,-1.7080786,-0.26807863,-1.2880787,-0.5480786,-0.4480786,-1.8880786,-0.5180786,-3.0980787,-1.2780786,-0.27807862
-1.8580786,1.8219213,6.3519216,7.1419215,5.8319216,3.6819215,2.0019214,2.0519214,2.3019214,2.9919214,4.5119214,2.2019215,2.1019213,5.6019216,4.5719213,4.4319215,3.5819213,2.4919214,1.0719213,-0.19807862,-1.5180786,-2.1980786,-1.8580786,-2.5080786,-3.6480787,-3.4480786,2.4419215,3.0419214,2.7919214,2.2019215,1.6319214,0.7019214,-2.0180786,-0.94807863,-1.4180787,1.1419214,1.1019214,1.4619213,2.1219213,2.0819213,1.2819214,-0.7480786,-0.45807862,3.1819215,2.5419214,2.6219213,-0.62807864,-1.3880786,0.2719214,-1.2780786,2.0119214,-1.0480787,0.5219214,-0.098078616,-1.2780786,-1.9080787,-1.9580786,-0.87807864,1.4319214
-1.4980786,1.6019214,7.1119213,7.0619216,6.0319214,5.4219213,5.0819216,3.8019214,3.2119215,3.4019213,3.6119213,6.2819214,3.3219213,3.8719213,3.8619213,3.9719214,2.1719215,0.9619214,-0.07807861,-1.4680786,-2.5880785,-4.0980787,-2.9680786,3.3419213,2.0619214,2.2519214,2.7019215,2.8219213,3.9819214,1.7319214,1.3919214,1.3919214,1.8619214,-0.8280786,-0.058078613,-0.29807863,2.0919213,0.3119214,-0.5480786,0.29192138,0.61192137,1.3419213,-0.24807861,0.3619214,1.1319214,2.1119213,1.8819214,0.7319214,0.41192138,-0.6480786,1.9019214,0.23192139,-2.0780785,-1.1080786,-1.0780786,-2.2480786,2.1419213,3.4919214,-1.9780786
-1.5380787,10.541922,8.701921,6.4519215,5.751921,5.1219215,3.9319215,4.1519213,4.6119213,4.0719213,4.8419213,5.001921,2.9019213,3.2319214,5.4919214,2.4419215,0.1819214,0.2519214,-2.4380786,-4.1080785,-2.3180785,-3.0180786,-0.56807864,1.2919214,-0.15807861,4.9219213,1.8619214,3.1919215,4.4319215,5.001921,4.1819215,4.1119213,1.0319214,-0.108078614,0.45192137,0.5319214,2.4219215,2.4119215,0.4919214,0.2519214,-0.8380786,0.93192136,1.3619214,-1.2580786,-0.08807861,0.3719214,-0.08807861,1.4619213,-0.15807861,-0.8680786,1.0219214,0.68192136,-0.6080786,1.3719214,3.5419214,2.7919214,1.7919214,-0.4380786,-1.0780786
7.191921,5.441921,5.3119216,4.4019213,4.251921,3.8619213,4.5319214,4.6419215,3.9019213,4.1019216,4.0719213,3.3919213,3.9519215,7.3919215,4.3619213,1.9819214,-0.8680786,-1.5580786,-1.8180786,-2.2880785,-2.5780785,-1.1480786,-1.8280786,-0.04807861,-2.7580786,-2.9980786,-3.8980787,0.6519214,4.1019216,3.9519215,1.7719214,1.0719213,0.62192136,0.26192138,0.9119214,0.3319214,2.3119214,1.4919214,1.1719214,0.3619214,-0.068078615,0.38192138,-0.038078614,-0.6580786,-0.4080786,-0.8080786,-1.1780787,0.9519214,3.2919214,3.0019214,-0.8480786,-1.1480786,0.0019213867,1.3719214,-0.058078613,-0.32807863,-0.56807864,-0.93807864,-1.6880786
4.731921,4.441921,4.7619214,3.7019215,2.9919214,2.8019214,2.5819213,2.6519213,3.2819214,3.4719214,3.3219213,2.9119215,2.5119214,2.6919215,2.0319214,1.0519214,-1.2280786,-2.1380787,-2.7880785,-4.5780787,-2.7480786,-2.5580785,-0.32807863,-0.8680786,-0.19807862,-1.8580786,1.1019214,5.5519214,4.6719213,4.0319214,2.5319214,1.5119214,1.1719214,0.0019213867,0.45192137,-0.11807861,1.6319214,2.0319214,0.80192137,0.5719214,0.3919214,-0.8680786,-0.1780786,0.4019214,-0.4080786,-0.3880786,0.6519214,3.3419213,3.5919213,3.1819215,-2.1580787,-2.1780787,3.4819214,1.5419214,0.22192138,-0.8580786,-0.5880786,-0.45807862,-0.9180786
4.691921,3.4719214,3.4219215,2.5119214,2.1019213,2.2119215,2.0119214,1.8619214,1.4019214,1.1719214,0.5819214,0.4919214,0.011921387,-0.018078614,0.8419214,-1.4680786,-0.32807863,-1.1780787,-2.3080785,-1.5180786,-2.4780786,-3.2280786,0.16192138,-1.3980786,-0.028078614,1.8419213,4.9919214,4.2919216,4.5919213,3.9919214,2.5019214,1.9719214,0.5819214,0.10192139,-0.68807864,-0.2580786,1.2719214,0.3119214,0.04192139,1.3519214,2.1319213,0.7119214,-0.3580786,0.38192138,0.7619214,1.3519214,-0.48807862,1.8319213,4.3419213,5.461921,-4.2380786,-3.2180786,4.3019214,2.0219214,1.9619213,1.3519214,-0.11807861,-0.9680786,-2.0080786
4.1119213,3.4319215,3.5219214,2.9619215,1.8519214,1.5319214,1.5119214,0.7019214,0.6619214,-0.098078616,-0.8280786,-1.5580786,-1.9980786,-1.8780786,-1.6680787,-1.1180786,-0.50807863,-0.4980786,-0.56807864,-1.8480786,-2.0180786,-3.5380785,0.7019214,-1.4080787,1.6619214,3.8419213,4.8219213,6.1819215,5.3119216,4.0919213,2.0519214,0.7819214,0.87192136,0.12192139,0.7219214,3.1919215,0.1819214,1.0019214,0.4619214,1.2819214,0.4319214,1.0319214,1.3219213,1.6619214,0.22192138,1.3819214,0.111921385,-2.1580787,2.4619215,3.1619215,2.2619214,1.4519213,2.0219214,2.3519213,0.47192138,0.22192138,0.021921387,-1.3480786,-2.1580787
3.6219213,2.8719213,3.1919215,3.3219213,2.9619215,1.3719214,0.04192139,0.9719214,0.45192137,-0.45807862,-1.0280786,-0.9680786,-1.7480786,-0.7780786,0.4919214,0.3319214,0.081921384,-0.13807862,0.5819214,-0.5180786,-2.0280786,-3.3580787,-1.1480786,0.1819214,6.7619214,4.751921,5.6619215,6.2219214,5.6219215,3.4719214,1.8019214,0.14192139,0.7619214,2.0319214,0.2719214,-0.5880786,0.081921384,2.4619215,3.2319214,0.61192137,1.4119214,1.8419213,0.87192136,0.6319214,0.14192139,-0.9680786,0.4619214,-0.08807861,-3.6280787,1.4619213,1.5719213,2.0419214,2.0819213,1.4819214,0.5419214,-0.62807864,-1.5980786,-2.6780787,-2.6980786
2.9219215,2.0219214,1.2319214,1.7319214,2.2419214,1.7119213,1.6319214,2.0319214,1.0419214,0.17192139,-0.29807863,0.19192138,0.2719214,1.2319214,0.35192138,0.62192136,-0.39807862,-0.08807861,1.3719214,0.26192138,-0.058078613,-1.3580786,-1.0080786,3.1319213,4.021921,4.0519214,5.5819216,6.1419215,4.3419213,3.2119215,0.44192138,0.8819214,2.4919214,1.5119214,0.4319214,-0.5180786,-1.3280786,-2.0280786,3.5319214,1.1119214,0.9419214,0.8819214,2.3719213,1.9419214,2.4619215,-0.21807861,-0.75807863,-0.7380786,-1.0180786,-0.7880786,2.1019213,2.9019213,2.4519215,2.0619214,1.4419214,0.031921387,-2.6680787,-1.8180786,-2.8480787
1.3119214,0.29192138,1.5519214,1.3919214,1.2319214,1.0119214,1.2619214,1.0819213,0.93192136,0.56192136,0.6019214,0.6719214,0.9219214,0.9019214,0.3319214,1.1019214,1.8119214,1.3619214,-0.6080786,-0.30807862,-1.0380787,-1.3580786,-1.8980786,-0.9580786,3.0319214,4.3219213,4.6819215,4.711921,4.3519216,3.6419213,3.8919213,3.6719215,2.7919214,2.1619215,1.9619213,-1.5580786,-5.518079,-1.8580786,3.0019214,1.8419213,1.6419214,-0.4180786,3.6819215,0.17192139,0.24192138,-0.068078615,0.13192138,0.13192138,0.7819214,-1.7480786,1.6219214,2.5319214,1.9919214,1.3619214,1.3119214,0.6319214,0.3619214,-0.7880786,-1.3480786
3.3319213,3.0519214,2.3919213,0.5719214,0.5919214,0.061921388,0.081921384,-0.27807862,0.3119214,0.16192138,0.061921388,0.93192136,1.1319214,0.47192138,0.4319214,-0.7980786,1.2519214,-0.7880786,-2.4280787,-0.8380786,-3.1780787,-3.7080786,-3.1680787,-1.1080786,4.001921,5.711921,4.8919215,4.2019215,4.0519214,4.5119214,4.7819214,4.3919215,3.0319214,2.7619214,3.3519213,-0.56807864,-3.1180787,-0.4180786,3.2619214,3.6319213,1.2319214,1.6719214,-0.27807862,0.48192137,3.7719214,-0.038078614,-1.5080786,-1.3780786,1.3119214,-1.0080786,1.2919214,2.3719213,1.5619214,0.99192137,1.0919213,1.4619213,0.4919214,0.6019214,0.7219214
3.9319215,2.8519213,1.4519213,-0.56807864,-1.1280786,-1.2380786,-1.1280786,-1.1180786,-0.7280786,-0.21807861,0.5119214,0.5719214,-0.2580786,-0.7680786,-1.3980786,-0.7680786,1.0619214,-0.7380786,-2.4780786,-2.3280785,-1.5180786,-1.3880786,2.7719214,3.9819214,6.2619214,6.0419216,5.1819215,4.3419213,4.2019215,4.6019216,3.3719213,3.4219215,3.3819213,3.1319213,0.5319214,-0.69807863,-2.3880787,1.6019214,2.5919213,2.1719215,1.3519214,2.1619215,1.2419214,2.7719214,-0.9780786,1.7419214,0.7819214,-1.6880786,-0.94807863,0.99192137,0.071921386,2.4119215,1.7719214,1.6519214,2.1119213,1.6219214,1.7419214,1.9619213,1.2319214
