public/data/weather/current/current-wind-surface-level-gfs-1.0.json
{"header": { "discipline":0, "disciplineName":"Meteorological products", "gribEdition":2, "gribLength":79714, "center":7, "centerName":"US National Weather Service - NCEP(WMC)", "subcenter":0, "refTime":"2026-05-29T06:00:00.000Z", "significanceOfRT":1, "significanceOfRTName":"Start of forecast", "productStatus":0, "productStatusName":"Operational products", "productType":1, "productTypeName":"Forecast products", "productDefinitionTemplate":0, "productDefinitionTemplateName":"Analysis/forecast at horizontal level/layer at a point in time", "parameterCategory":2, "parameterCategoryName":"Momentum", "parameterNumber":3, "parameterNumberName":"V-component_of_wind", "parameterUnit":"m.s-1", "genProcessType":2, "genProcessTypeName":"Forecast", "forecastTime":0, "surface1Type":103, "surface1TypeName":"Specified height level above ground", "surface1Value":10.0, "surface2Type":255, "surface2TypeName":"Missing", "surface2Value":0.0, "gridDefinitionTemplate":0, "gridDefinitionTemplateName":"Latitude_Longitude", "numberPoints":65160, "shape":6, "shapeName":"Earth spherical with radius of 6,371,229.0 m", "gridUnits":"degrees", "resolution":48, "winds":"true", "scanMode":0, "nx":360, "ny":181, "basicAngle":0, "lo1":0.0, "la1":90.0, "lo2":359.0, "la2":-90.0, "dx":1.0, "dy":1.0 }, "data":
[rows 52 to 77 of 181, columns 177 to 235 of 360]
5.3019214,5.1519213,4.5819216,4.3319216,4.0819216,4.0519214,3.1219213,2.8219213,2.3219213,1.6419214,0.5819214,-0.23807861,-0.5480786,-1.3880786,-1.5480787,-2.0380785,-2.8080785,-3.6580787,-4.0780787,-4.3480787,-4.6180787,-4.7580786,-4.6280785,-5.0480785,-5.0480785,-4.8880787,-5.3980784,-4.788079,-5.1280785,-4.6880784,-4.9080787,-4.8680787,-5.5080786,-5.518079,-6.1680784,-5.9880786,-6.058079,-5.7380786,-5.1380787,-4.5080786,-4.7980785,-5.9280787,-6.748079,-6.4080787,-7.9080787,-7.1980786,-7.4180784,-6.9580784,-6.3680787,-6.3980784,-7.9380784,-8.208078,-8.238079,-8.618078,-8.828078,-8.238079,-7.2180786,-5.7780786,-4.9180784
4.6319213,4.1519213,3.8419213,3.6719215,3.6519213,3.1019213,2.5419214,2.0319214,1.6719214,1.2519214,0.5419214,-0.038078614,-0.8380786,-1.4680786,-2.1680787,-3.0380785,-3.5880785,-4.1380787,-4.6880784,-4.9480786,-4.978079,-5.2980785,-5.6180787,-5.5480785,-5.7980785,-5.3580785,-5.3680787,-5.478079,-4.9680786,-5.2380786,-5.2380786,-6.288079,-7.0480785,-7.3880787,-5.6980786,-4.7080784,-1.8680786,-1.5680786,-1.6680787,-2.3980787,-2.7880785,-3.0080786,-3.8880787,-4.9680786,-5.5880785,-5.9280787,-6.0980787,-6.0780787,-6.4480786,-7.4280787,-7.6880784,-8.418078,-8.448078,-8.848079,-8.488079,-8.018079,-7.3380785,-6.3380785,-5.3680787
4.5319214,4.3219213,3.2419214,2.8719213,2.6719215,2.3319213,1.6619214,0.6319214,0.74192137,0.061921388,-0.42807862,-1.0380787,-1.3680786,-1.8480786,-2.4380786,-3.3680787,-3.5680785,-4.1280785,-4.5980787,-5.268079,-5.0680785,-5.0980787,-5.3680787,-5.5980787,-5.7780786,-5.5780787,-5.288079,-5.2780786,-6.4480786,-7.538079,-7.268079,-7.1480784,-5.7380786,-3.3180785,-2.8480787,-1.3180786,-1.9580786,-2.3380785,-2.3380785,-2.5580785,-2.8080785,-3.3880787,-4.0280786,-4.7080784,-5.0980787,-5.478079,-6.058079,-6.6080785,-7.1480784,-7.4180784,-8.348079,-8.5880785,-8.378078,-8.398079,-7.5880785,-8.788078,-7.478079,-7.1180787,-7.0980787
3.4619215,2.1219213,2.1219213,2.1419213,2.0419214,1.3319213,0.6919214,0.12192139,0.19192138,-0.7380786,-1.4680786,-1.8680786,-2.0880785,-2.7980785,-3.2980785,-3.3780787,-3.6380787,-4.6480784,-4.7080784,-5.0480785,-5.9080787,-6.1180787,-6.3380785,-6.3280787,-6.558079,-6.3780785,-6.6580787,-7.6180787,-8.228079,-7.1480784,-4.3280787,-3.7880785,-3.7280786,-3.7680786,-2.9180787,-2.5380785,-2.3380785,-2.2480786,-1.9380786,-1.8580786,-2.2080786,-2.6380787,-3.4880786,-4.3380785,-4.9080787,-5.1580787,-5.8280787,-6.0980787,-6.7080784,-7.9180784,-8.388079,-8.238079,-8.818079,-8.668078,-8.038078,-9.038078,-8.388079,-8.248078,-8.488079
2.5219214,1.5719213,1.9619213,1.5219214,1.7219214,1.3419213,0.5319214,-0.098078616,-0.42807862,-1.0380787,-1.4180787,-1.5380787,-2.6780787,-3.1880786,-3.5780785,-4.0780787,-4.2180786,-5.2080784,-5.4380784,-6.2380786,-6.6480784,-6.5980787,-7.248079,-7.6380787,-6.8380785,-7.1180787,-6.8680787,-4.6380787,-3.6280787,-3.9680786,-4.3680787,-4.3980784,-3.2880785,-2.4780786,-1.7280786,-1.1080786,-1.4480786,-1.5780786,-1.3580786,-0.9880786,-1.9280787,-2.8980787,-3.5380785,-4.0080786,-4.5980787,-5.1280785,-5.7080784,-6.3580785,-6.8380785,-7.728079,-8.028079,-8.308079,-8.358079,-8.308079,-8.568079,-8.028079,-8.168078,-7.8980784,-8.688079
1.5319214,0.2719214,0.8219214,1.1919214,1.1819214,0.6519214,0.051921386,-0.12807861,-1.4380786,-1.8980786,-2.7780786,-3.5480785,-3.5380785,-3.7380786,-4.0680785,-4.768079,-5.3380785,-6.0880785,-6.5880785,-7.4180784,-6.9380784,-7.3480787,-5.038079,-4.3880787,-3.4980786,-3.8280785,-4.1280785,-4.6380787,-4.518079,-4.0280786,-3.2780786,-4.3480787,-2.9580786,-2.2380786,-1.8980786,-1.3880786,-1.4780786,-1.3080786,-1.4880786,-1.3880786,-3.0480785,-3.9780786,-4.3180785,-4.5280786,-4.9080787,-5.4680786,-6.0980787,-6.728079,-7.3880787,-7.8180785,-7.8880787,-7.9680786,-7.478079,-8.158078,-8.378078,-8.408078,-7.558079,-6.6580787,-6.4080787
0.81192136,0.8219214,0.74192137,0.9419214,0.8519214,0.5719214,-0.88807863,-1.9080787,-2.7980785,-3.0680785,-3.2480786,-3.4080787,-3.7780786,-4.728079,-4.9680786,-5.4080787,-6.2380786,-6.1880784,-5.9380784,-5.7780786,-5.4080787,-4.1380787,-4.1380787,-4.6280785,-4.9380784,-4.8780785,-4.5080786,-4.4180784,-3.4780786,-3.8180785,-4.1880784,-2.8380785,-2.2580786,-2.2180786,-2.0680785,-1.5180786,-1.4780786,-1.8180786,-1.8080786,-2.1480787,-3.2380786,-3.9380786,-4.518079,-4.7780786,-5.1980786,-5.8380785,-6.3580785,-6.6480784,-6.9080787,-7.2380786,-7.288079,-7.4380784,-7.228079,-7.2780786,-7.6380787,-7.1980786,-7.1980786,-6.4280787,-6.0280786
1.1719214,0.5119214,0.44192138,0.021921387,0.12192139,-0.36807862,-0.45807862,-1.2980787,-2.0580785,-2.9380786,-2.8580787,-3.3180785,-3.7180786,-4.308079,-3.8380785,-4.3880787,-4.2080784,-3.6780787,-4.5080786,-4.8880787,-4.4880786,-4.3680787,-4.7980785,-4.5780787,-3.7580786,-4.2380786,-4.4180784,-4.2380786,-4.1980786,-3.6580787,-3.5780785,-3.4080787,-3.0380785,-1.8380786,-1.4580786,-1.3080786,-0.88807863,-1.3280786,-1.4580786,-1.8780786,-2.8080785,-3.9380786,-4.3380785,-4.9280787,-5.4080787,-5.6080785,-5.7180786,-5.9380784,-5.9580784,-6.0880785,-6.1880784,-6.6280785,-6.9480786,-7.1680784,-6.6780787,-6.5980787,-6.4680786,-5.518079,-3.8880787
1.0819213,0.021921387,-0.24807861,-0.7980786,-0.56807864,-0.5880786,-1.8280786,-2.4280787,-2.6680787,-2.7280786,-3.2280786,-4.3480787,-4.1480784,-3.9880786,-3.9380786,-4.0780787,-4.1580787,-4.728079,-5.038079,-4.9480786,-5.1080785,-4.538079,-4.3280787,-4.228079,-4.6380787,-4.9280787,-4.3980784,-4.1380787,-3.3180785,-3.2080786,-2.4480786,-2.4680786,-1.7880787,-0.7880786,-0.26807863,-0.48807862,-0.9980786,-1.2880787,-1.6180786,-1.7080786,-3.2280786,-3.8180785,-4.728079,-5.1280785,-5.1380787,-4.9480786,-5.058079,-5.518079,-6.0780787,-6.3580785,-6.3780785,-5.7580786,-4.7780786,-5.038079,-5.3980784,-5.538079,-5.2080784,-5.2780786,-4.788079
-0.068078615,-0.32807863,-1.0980786,-1.6880786,-1.1680787,0.04192139,-1.5880786,-2.3580787,-2.7680786,-1.8780786,-2.9980786,-4.1180787,-3.4380786,-3.8980787,-2.9980786,-3.3480787,-3.4980786,-3.4180787,-4.8880787,-5.0680785,-5.0480785,-4.998079,-3.6080787,-3.7980785,-4.4180784,-3.3680787,-3.3280785,-3.0580785,-2.6580787,-2.6680787,-3.2880785,-1.9480786,-1.3680786,-1.2180786,-1.0680786,-0.33807862,-0.7680786,-1.2380786,-1.7480786,-2.5480785,-3.5280786,-4.2380786,-5.018079,-5.2380786,-5.498079,-5.8680787,-5.538079,-5.9180784,-5.2780786,-4.4580784,-3.8780787,-4.9580784,-5.6880784,-6.5280786,-5.2380786,-5.4380784,-5.4680786,-5.5680785,-4.6880784
0.6019214,0.2119214,-0.36807862,-0.42807862,-0.7280786,-0.9980786,-2.1280787,-1.5180786,-1.3580786,-2.2080786,-2.7480786,-2.8380785,-3.1780787,-3.3980787,-3.4580786,-2.9980786,-2.7880785,-4.5980787,-4.5480785,-5.3680787,-5.538079,-3.8880787,-3.5680785,-3.6680787,-4.6880784,-2.9780786,-3.3680787,-2.1780787,-2.0480785,-3.6780787,-2.4380786,-2.5280786,-1.5880786,-0.028078614,-0.4380786,-1.0880786,-0.42807862,-1.3080786,-1.8080786,-2.6880786,-3.8180785,-3.9580786,-4.4580784,-4.788079,-4.6580787,-5.4280787,-4.8680787,-4.2980785,-5.1380787,-5.3780785,-4.5880785,-5.1980786,-5.3980784,-5.4280787,-5.7080784,-5.0980787,-5.2180786,-4.1280785,-4.1580787
0.8519214,0.2719214,-0.5780786,-0.5780786,-1.2980787,-1.6080786,-1.6180786,-1.4080787,-2.1280787,-2.8880787,-3.3980787,-2.9880786,-3.1780787,-3.3880787,-3.6680787,-4.268079,-3.0980787,-4.3480787,-4.6180787,-5.058079,-3.3980787,-3.3680787,-3.8680787,-4.1680784,-2.8080785,-2.1880786,-1.8380786,-2.4180787,-2.2280786,-2.4380786,-1.5180786,-1.2680786,-0.7680786,-1.0280786,-0.8280786,-0.6680786,-0.15807861,-1.1280786,-1.4980786,-2.1780787,-2.2580786,-2.6780787,-2.9780786,-3.5580785,-4.3480787,-5.0080786,-5.0480785,-4.728079,-5.1580787,-4.9380784,-4.8380785,-5.0880785,-5.7180786,-6.7980785,-5.058079,-5.478079,-3.6080787,-3.9980786,-3.7980785
0.9019214,-0.08807861,-1.0480787,-1.3880786,-1.7980787,-1.7480786,-1.1480786,-1.9880786,-2.3480787,-2.3580787,-3.2580786,-3.5780785,-3.6580787,-4.5280786,-4.1280785,-3.9080787,-2.4580786,-2.9680786,-4.6380787,-4.6480784,-4.808079,-4.3880787,-2.4680786,-2.8580787,-2.3980787,-2.5680785,-1.6380786,-1.3380786,-2.3280785,-2.8380785,-1.9080787,-1.7980787,-0.5480786,0.04192139,-0.81807864,-1.9080787,-1.4980786,-0.9080786,-1.3080786,-1.4580786,-1.7180786,-3.4680786,-3.7980785,-4.4580784,-4.3280787,-4.498079,-4.8180785,-4.5680785,-4.6380787,-4.788079,-5.058079,-4.9280787,-4.2380786,-4.498079,-4.1080785,-3.9480786,-3.3980787,-2.9680786,-2.7280786
0.16192138,-0.6680786,-0.93807864,-1.7280786,-2.0780785,-2.0280786,-2.3780787,-1.4680786,-1.8380786,-2.8080785,-2.7680786,-2.9180787,-3.1980786,-3.1680787,-3.2680786,-4.6280785,-3.6680787,-3.7580786,-4.7380786,-4.8680787,-4.3480787,-1.9280787,-3.0580785,-1.2380786,-0.7380786,-2.3680787,-0.8280786,-1.6880786,-0.5780786,-1.8680786,-2.3180785,-1.7780786,-1.4680786,-1.7580786,-2.1780787,-2.9980786,-2.8280785,-2.4480786,-2.3680787,-1.2880787,-2.0780785,-2.3780787,-3.5880785,-3.8380785,-4.308079,-4.558079,-4.1180787,-4.1480784,-3.8380785,-4.0980787,-4.1980786,-4.6080785,-4.7780786,-4.748079,-4.288079,-3.0780785,-2.3480787,-3.9380786,-3.3680787
-0.30807862,-1.5280786,-2.2780786,-2.6680787,-2.4280787,-2.8480787,-2.7580786,-2.0980787,-2.1880786,-2.7680786,-2.6980786,-3.0780785,-3.2480786,-2.9380786,-3.9080787,-4.9480786,-3.5680785,-3.3280785,-4.538079,-4.6180787,-4.1580787,-3.4780786,-2.3580787,-1.4780786,-0.87807864,-1.0380787,-1.1380786,-1.8680786,-1.7580786,-1.5980786,-1.0480787,-2.0480785,-1.1280786,-0.8480786,-1.9280787,-1.8880786,-1.7080786,-2.2680786,-3.2280786,-2.7480786,-2.7380786,-2.8580787,-3.1780787,-3.4180787,-4.6580787,-4.4080787,-4.558079,-4.1380787,-4.2580786,-4.7780786,-3.6880786,-2.3480787,-2.9080787,-4.0080786,-3.6980786,-3.7580786,-3.6780787,-3.5180786,-2.9180787
-0.08807861,-1.9380786,-3.3580787,-3.4080787,-2.9280787,-2.5880785,-1.7080786,-2.1380787,-2.7680786,-2.8480787,-2.6680787,-3.1980786,-3.3680787,-3.1280787,-4.2980785,-4.1280785,-3.5680785,-3.1980786,-3.1080787,-2.4680786,-3.1980786,-3.4480786,-2.9780786,-2.5180786,-2.8280785,-1.7380786,-1.9980786,-1.2280786,-1.5580786,-2.0080786,-1.6380786,-1.3780786,-2.1080787,-2.7280786,-1.9580786,-1.2880787,-1.4080787,-1.4180787,-3.3180785,-3.0580785,-3.6280787,-3.8180785,-3.4880786,-3.7080786,-4.0980787,-3.9380786,-3.6680787,-4.0980787,-4.228079,-3.9580786,-3.9280787,-4.1680784,-4.8980784,-4.4280787,-4.1480784,-4.6480784,-3.9480786,-2.2580786,-3.5980787
-0.8480786,-2.4480786,-3.0080786,-2.5280786,-2.5480785,-0.7780786,-0.7280786,-2.0580785,-2.8480787,-3.1280787,-3.4580786,-3.4880786,-3.4580786,-3.1580787,-3.4080787,-3.7680786,-3.7580786,-3.7380786,-2.4780786,-2.1280787,-3.1580787,-3.3580787,-4.1480784,-0.08807861,-2.5080786,-1.4280787,-2.2180786,-2.0880785,-2.2480786,-2.0380785,-2.1280787,-1.7680786,-2.3080785,-1.9180787,-1.7680786,-2.3180785,-2.1580787,-1.5680786,-1.7880787,-1.6880786,-0.5380786,-1.5580786,-1.3480786,-4.0280786,-4.6080785,-4.308079,-4.2380786,-4.3380785,-4.538079,-4.5880785,-4.9880786,-4.9680786,-3.8380785,-2.7480786,-4.9380784,-5.2780786,-4.3480787,-4.558079,-3.8380785
-1.9180787,-2.1380787,-2.7380786,-3.5580785,-1.1480786,-0.7180786,-1.1680787,-2.3580787,-2.9280787,-2.8280785,-3.1280787,-3.6180787,-3.5480785,-3.0280786,-2.4280787,-3.1380787,-3.8880787,-3.1880786,-1.3480786,-3.1780787,-0.9580786,-3.7780786,-0.88807863,-3.7180786,-3.6380787,-5.1580787,-2.6580787,0.38192138,-0.9780786,-1.5080786,-2.5380785,-2.3280785,-2.4480786,-1.5880786,-2.2980785,-2.3880787,-2.7480786,-2.7680786,-1.8480786,-1.8380786,-2.2580786,-1.9880786,-2.0180786,-2.8480787,-3.2780786,-4.1880784,-3.8380785,-3.5080786,-3.7580786,-4.2080784,-3.7880785,-3.0680785,-2.6280787,-2.4980786,-4.978079,-2.3180785,-3.5480785,-5.5980787,-5.0080786
-2.2780786,-2.7980785,-2.9380786,-2.5880785,-2.2980785,-2.1980786,-1.6380786,-2.0480785,-2.6680787,-2.9880786,-2.9880786,-2.9180787,-2.7880785,-2.8880787,-2.9980786,-2.4580786,-1.7180786,-1.7380786,-1.7280786,-2.3680787,-2.8880787,-2.5980787,-2.5080786,-2.1880786,-3.0580785,-0.21807861,-4.0480785,-2.6480787,-0.62807864,-1.9480786,-3.2580786,-1.7380786,-2.6780787,-2.4980786,-3.3780787,-2.1980786,-2.4380786,-2.6980786,-2.8580787,-2.4780786,-2.6480787,-2.9180787,-3.1680787,-3.6580787,-3.6680787,-3.6780787,-3.5080786,-3.8780787,-4.0280786,-3.6180787,-3.3280785,-3.9180787,-3.5980787,-3.5480785,-2.4380786,-2.6880786,-3.5080786,-3.7080786,-3.2580786
-2.1180787,-2.6480787,-3.4780786,-3.2780786,-2.8980787,-2.8580787,-2.1980786,-1.8280786,-2.7180786,-3.2180786,-2.3780787,-2.9380786,-2.2880785,-2.6280787,-2.4580786,-2.4180787,-1.9680786,-1.7580786,-2.2880785,-3.3880787,-1.6080786,-1.7080786,-2.5680785,-1.8080786,-2.3980787,-6.9880786,4.251921,0.8919214,-5.5480785,-3.8080785,-3.5480785,-3.1780787,-3.2780786,-3.4580786,-2.8780787,-2.7180786,-3.5280786,-3.8880787,-3.8080785,-4.1080785,-4.2380786,-4.4180784,-3.8280785,-4.6880784,-4.4880786,-4.058079,-4.3580785,-4.6480784,-4.1780787,-3.9780786,-4.1380787,-4.5780787,-4.6980786,-4.3580785,-3.7180786,-3.7680786,-3.2880785,-3.5380785,-3.2180786
-2.4980786,-2.7880785,-2.7480786,-2.7080786,-2.7780786,-2.1980786,-1.8780786,-1.4580786,-2.1080787,-2.7480786,-2.8080785,-3.4180787,-2.7380786,-2.1380787,-1.8380786,-1.9780786,-2.0280786,-2.1780787,-2.3080785,-1.9580786,-0.8680786,-2.0780785,-0.5880786,-2.1380787,-2.4280787,-2.0980787,-0.7480786,-2.6980786,-4.3580785,-4.2080784,-4.4680786,-3.5380785,-3.1780787,-3.8680787,-3.4280787,-2.9580786,-3.0780785,-4.0280786,-5.1880784,-5.5080786,-5.7080784,-5.498079,-5.038079,-4.558079,-4.768079,-4.2780786,-3.7580786,-4.018079,-4.0980787,-5.0280786,-6.228079,-5.3680787,-3.0580785,-3.8480787,-3.8680787,-3.7680786,-3.9780786,-3.6980786,-3.4480786
-1.4680786,-2.2480786,-2.5680785,-3.1080787,-3.1080787,-2.9580786,-1.0180786,-1.6180786,-1.9180787,-2.6180787,-3.3180785,-3.5080786,-2.7380786,-2.8680787,-2.6080787,-2.2480786,-1.3780786,-2.1580787,-2.2980785,-3.0380785,-2.0580785,-2.6480787,-0.9280786,-1.7080786,-2.5680785,-2.6480787,-2.9180787,-3.1980786,-4.3780785,-3.7380786,-3.4280787,-3.6380787,-3.5780785,-3.5280786,-3.3680787,-2.6380787,-3.4280787,-4.5880785,-5.4580784,-5.998079,-6.0680785,-4.8180785,-4.038079,-4.2380786,-3.7180786,-4.4580784,-3.8580787,-4.538079,-5.1880784,-5.268079,-5.8480787,-3.6580787,-3.9680786,-3.7680786,-4.2180786,-3.2280786,-3.8680787,-4.3780785,-4.3680787
-1.6980786,-1.1780787,-2.3280785,-2.0480785,-1.9380786,-1.5380787,-1.7080786,-1.9680786,-2.1280787,-3.1280787,-2.8380785,-2.9180787,-3.1680787,-3.1580787,-2.7280786,-2.4680786,-2.3580787,-1.8880786,-2.1680787,-2.4080787,-2.4480786,-3.5580785,-1.5380787,-1.4280787,-1.5780786,-2.8480787,-3.3180785,-3.6780787,-3.8080785,-3.5880785,-2.7580786,-2.8580787,-3.3280785,-4.0080786,-3.2680786,-3.3280785,-4.3780785,-4.7780786,-6.1080785,-6.3780785,-5.1980786,-4.1280785,-3.4580786,-3.3480787,-3.2680786,-3.3380785,-3.0580785,-3.4580786,-4.1180787,-4.4880786,-3.6280787,-3.3180785,-2.8980787,-3.5580785,-3.7480786,-4.6880784,-5.478079,-5.998079,-5.808079
-1.3180786,-0.94807863,-1.5380787,-2.5980787,-3.5180786,-2.4780786,-2.4580786,-2.5180786,-3.1280787,-3.0080786,-3.1880786,-3.6480787,-3.2980785,-3.3280785,-3.0780785,-2.0880785,-1.5280786,-1.9280787,-2.6180787,-3.3280785,-3.3680787,-2.5380785,-1.0580786,-1.2780786,-2.0380785,-2.2780786,-2.9380786,-3.3280785,-4.018079,-3.1980786,-2.7180786,-3.0280786,-3.9680786,-4.1980786,-4.9080787,-5.9480786,-5.768079,-6.558079,-7.1180787,-6.3180785,-5.2780786,-3.7980785,-3.1980786,-2.3080785,-1.7380786,-1.2080786,-2.9580786,-3.4680786,-3.6880786,-4.3680787,-2.7780786,-3.0180786,-4.4180784,-5.3280787,-4.8280787,-5.4680786,-6.2980785,-5.728079,-5.7380786
-1.9080787,-1.4580786,-2.5680785,-2.8180785,-3.7880785,-3.0780785,-2.9280787,-2.5680785,-3.7280786,-3.8180785,-3.4180787,-3.5580785,-3.3680787,-3.6180787,-2.7280786,-2.4680786,-2.5180786,-2.4580786,-2.2980785,-2.7280786,-2.2180786,-2.3180785,-1.5480787,-1.6980786,-1.5780786,-2.3980787,-2.6480787,-3.2280786,-2.5580785,-2.3480787,-2.7280786,-2.9280787,-3.6980786,-4.8680787,-5.3280787,-5.808079,-7.0880785,-7.0880785,-7.0680785,-6.0880785,-4.9580784,-2.5180786,-0.7680786,-0.4180786,-0.6480786,-0.098078616,-1.2280786,-0.27807862,-1.6280786,-1.6080786,-2.6380787,-3.5080786,-3.9980786,-6.1080785,-5.9480786,-6.6980786,-6.0080786,-6.7580786,-7.4380784
-1.8380786,-0.87807864,-1.0180786,-2.1180787,-3.5380785,-3.4180787,-3.4080787,-4.1080785,-3.6380787,-3.1280787,-3.5480785,-3.7380786,-4.268079,-4.038079,-3.6480787,-3.0680785,-3.0380785,-2.5280786,-2.3780787,-2.8880787,-2.9580786,-2.7580786,-2.4080787,-2.5580785,-2.8580787,-3.2680786,-3.4180787,-3.5480785,-2.7880785,-4.308079,-3.9880786,-4.038079,-4.9180784,-5.6680784,-6.3480787,-6.5780787,-7.1880784,-7.1480784,-6.0880785,-5.038079,-4.2780786,-1.3780786,-0.21807861,-0.068078615,-0.14807862,-1.0680786,-1.2880787,-2.3880787,-2.9080787,-3.3280785,-3.2080786,-3.8380785,-4.788079,-5.8880787,-5.8780785,-7.1380787,-7.7580786,-6.9380784,-6.0880785
