public/data/weather/current/current-wind-surface-level-gfs-1.0.json
{"header": { "discipline":0, "disciplineName":"Meteorological products", "gribEdition":2, "gribLength":79070, "center":7, "centerName":"US National Weather Service - NCEP(WMC)", "subcenter":0, "refTime":"2026-05-29T06:00:00.000Z", "significanceOfRT":1, "significanceOfRTName":"Start of forecast", "productStatus":0, "productStatusName":"Operational products", "productType":1, "productTypeName":"Forecast products", "productDefinitionTemplate":0, "productDefinitionTemplateName":"Analysis/forecast at horizontal level/layer at a point in time", "parameterCategory":2, "parameterCategoryName":"Momentum", "parameterNumber":2, "parameterNumberName":"U-component_of_wind", "parameterUnit":"m.s-1", "genProcessType":2, "genProcessTypeName":"Forecast", "forecastTime":0, "surface1Type":103, "surface1TypeName":"Specified height level above ground", "surface1Value":10.0, "surface2Type":255, "surface2TypeName":"Missing", "surface2Value":0.0, "gridDefinitionTemplate":0, "gridDefinitionTemplateName":"Latitude_Longitude", "numberPoints":65160, "shape":6, "shapeName":"Earth spherical with radius of 6,371,229.0 m", "gridUnits":"degrees", "resolution":48, "winds":"true", "scanMode":0, "nx":360, "ny":181, "basicAngle":0, "lo1":0.0, "la1":90.0, "lo2":359.0, "la2":-90.0, "dx":1.0, "dy":1.0 }, "data":
[rows 0 to 25 of 181, columns 58 to 115 of 360]
2.001892,2.081892,2.1518922,2.221892,2.291892,2.371892,2.4418921,2.501892,2.571892,2.6418922,2.7118921,2.771892,2.841892,2.9018922,2.971892,3.031892,3.091892,3.1518922,3.2118921,3.271892,3.331892,3.3918922,3.4418921,3.501892,3.551892,3.601892,3.6518922,3.7018921,3.751892,3.801892,3.851892,3.8918922,3.9418921,3.981892,4.021892,4.0718923,4.101892,4.141892,4.181892,4.221892,4.251892,4.2818923,4.3218923,4.351892,4.381892,4.401892,4.431892,4.461892,4.481892,4.501892,4.521892,4.541892,4.561892,4.581892,4.601892,4.611892,4.621892,4.631892
3.301892,3.291892,3.281892,3.271892,3.271892,3.261892,3.261892,3.251892,3.231892,3.231892,3.221892,3.221892,3.261892,3.311892,3.351892,3.3818922,3.4118922,3.4418921,3.471892,3.511892,3.551892,3.591892,3.6418922,3.6918921,3.731892,3.771892,3.801892,3.771892,3.751892,3.731892,3.7118921,3.6818922,3.6618922,3.6318922,3.511892,3.3818922,3.251892,3.121892,2.991892,2.861892,2.751892,2.6318922,2.511892,2.4018922,2.301892,2.221892,2.1518922,2.081892,2.031892,2.021892,2.031892,2.041892,2.061892,2.091892,2.1318922,2.1718922,2.2118921,2.261892
4.451892,4.5318923,4.601892,4.651892,4.711892,4.691892,4.501892,4.2818923,4.0718923,3.861892,3.611892,3.341892,3.091892,2.9118922,2.831892,2.751892,2.6518922,2.6418922,2.6718922,2.7018921,2.731892,2.791892,2.851892,2.9118922,2.971892,3.011892,3.051892,3.081892,3.091892,3.081892,3.051892,3.021892,2.971892,2.9018922,2.821892,2.751892,2.751892,2.771892,2.771892,2.791892,2.9018922,3.011892,3.101892,3.1618922,3.231892,3.301892,3.351892,3.321892,3.231892,3.1318922,3.051892,2.971892,2.9018922,2.841892,2.781892,2.761892,2.741892,2.761892
4.931892,4.981892,5.0518923,5.0918922,5.081892,5.0718923,5.0518923,5.021892,5.0118923,4.991892,4.961892,4.921892,4.881892,4.8218923,4.741892,4.651892,4.521892,4.221892,3.9318922,3.551892,3.1418922,2.751892,2.4218922,2.121892,1.9518921,1.8518921,1.801892,1.8918921,1.9818921,2.1518922,2.331892,2.521892,2.6818922,2.841892,2.971892,3.091892,3.1818922,3.221892,3.241892,3.221892,3.1918921,3.1618922,3.111892,3.071892,3.031892,3.001892,2.991892,2.991892,2.991892,2.991892,2.971892,2.9418921,2.9318922,2.9218922,2.9318922,2.9318922,2.9518921,2.9518921
5.191892,5.411892,5.581892,5.5118923,5.311892,4.961892,4.661892,4.711892,4.851892,5.021892,5.171892,5.121892,5.111892,5.191892,5.441892,5.981892,6.501892,7.0318923,7.271892,7.391892,7.181892,6.911892,6.5918922,6.2818923,6.131892,5.971892,5.8018923,5.5318923,5.041892,4.561892,4.0718923,3.721892,3.4618921,3.341892,3.271892,3.231892,3.1918921,3.1318922,3.061892,3.001892,2.9318922,2.841892,2.751892,2.6418922,2.561892,2.4418921,2.331892,2.1518922,1.9818921,1.8418921,1.7318921,1.7218921,1.7018921,1.7018921,1.7118921,1.6418921,1.6418921,1.6218921
4.7818923,4.811892,4.921892,5.061892,5.161892,5.231892,5.271892,5.2818923,5.2818923,5.251892,5.2818923,5.311892,5.351892,5.391892,5.421892,5.431892,5.431892,5.411892,5.381892,5.381892,5.391892,5.421892,5.421892,5.411892,5.361892,5.2818923,5.181892,5.041892,5.001892,4.921892,4.701892,4.3418922,4.041892,3.9218922,3.991892,4.0518923,3.981892,3.8818922,3.871892,3.831892,3.991892,4.001892,4.421892,4.5518923,5.141892,4.151892,3.311892,2.081892,1.541892,0.5118921,1.931892,2.9218922,4.701892,5.501892,6.441892,6.601892,6.691892,6.701892
3.481892,3.521892,3.561892,3.621892,3.721892,3.8918922,4.021892,4.131892,4.221892,4.311892,4.351892,4.3418922,4.3218923,4.3218923,4.311892,4.331892,4.2818923,4.211892,4.151892,4.101892,4.111892,4.131892,4.121892,4.041892,3.8918922,3.731892,3.541892,3.4118922,3.541892,4.021892,4.951892,5.241892,4.991892,4.5918922,4.041892,3.371892,3.6518922,4.461892,5.351892,6.361892,6.941892,7.251892,7.421892,7.5118923,7.5918922,7.651892,7.701892,7.7618923,7.8418922,7.891892,7.811892,7.561892,7.411892,7.351892,7.251892,7.181892,7.111892,7.041892
3.041892,2.9118922,2.6818922,2.471892,2.341892,2.2018921,2.031892,1.7818921,1.4418921,1.1018921,0.96189207,1.0918921,1.561892,2.3818922,3.221892,3.3918922,3.011892,2.3918922,1.931892,2.001892,2.611892,3.501892,4.3418922,4.961892,5.331892,5.541892,5.721892,5.891892,6.081892,6.181892,6.251892,6.431892,6.621892,6.8218923,7.0118923,7.211892,7.401892,7.5518923,7.681892,7.791892,7.831892,7.721892,7.661892,7.631892,7.721892,7.791892,7.851892,7.931892,7.961892,7.871892,7.7818923,7.491892,7.271892,7.131892,6.981892,6.931892,6.961892,6.881892
-0.14810792,-0.2581079,-0.6181079,-0.5581079,-0.5781079,-0.3381079,0.3718921,1.1518921,1.9418921,2.4218922,2.6418922,2.7118921,2.721892,2.7018921,2.721892,2.791892,2.9118922,3.111892,3.311892,3.541892,3.731892,3.9118922,4.0718923,4.271892,4.481892,4.751892,5.001892,5.2618923,5.5118923,5.8418922,6.131892,6.391892,6.5718923,6.811892,7.0518923,7.161892,7.121892,7.0718923,7.131892,7.2818923,7.401892,7.441892,7.411892,7.381892,7.331892,7.3218923,7.3218923,7.381892,7.471892,7.461892,7.371892,7.291892,7.221892,7.111892,6.931892,6.7818923,6.711892,6.741892
-0.21810791,-0.19810791,-0.6181079,-0.7281079,-0.7281079,-0.6481079,-0.2381079,-0.088107914,-0.03810791,0.2818921,0.6218921,0.9718921,1.2418921,1.291892,1.3318921,1.421892,1.5018921,1.5318921,1.6118921,1.8218921,2.1518922,2.591892,2.9518921,3.301892,3.6918921,3.971892,4.211892,4.351892,4.461892,4.541892,4.5318923,4.361892,4.3018923,4.811892,4.981892,5.521892,6.711892,7.5918922,6.371892,4.111892,2.271892,2.491892,3.6618922,4.681892,5.2818923,5.641892,5.751892,5.7618923,5.811892,5.7818923,5.701892,5.681892,5.791892,5.881892,6.0318923,6.231892,6.371892,6.441892
-2.438108,-2.718108,-2.5481079,-2.0581079,-1.8081079,-1.578108,-1.4881079,-1.4981079,-1.4781079,-1.4681079,-1.448108,-1.2281079,-0.8081079,-0.4381079,-0.3081079,-0.09810791,0.32189208,0.9118921,1.6218921,1.9818921,2.3818922,2.9218922,3.351892,3.471892,3.4018922,3.1918921,3.031892,3.041892,3.311892,3.531892,3.4618921,3.2018921,3.061892,3.041892,3.031892,2.781892,3.7018921,4.691892,5.501892,6.3018923,4.081892,4.021892,3.831892,2.4418921,2.1918921,2.611892,3.4218922,3.811892,4.081892,4.251892,4.461892,4.751892,5.111892,5.351892,5.3018923,5.111892,4.951892,4.911892
-3.3581078,-3.0381079,-3.0681078,-3.148108,-2.768108,-2.488108,-2.408108,-2.528108,-2.5981078,-2.158108,-1.6281079,-0.8781079,0.08189209,0.6218921,1.2118921,1.7718921,2.051892,2.011892,2.301892,2.9418921,3.1918921,3.041892,3.1618922,3.2018921,2.791892,2.501892,2.471892,2.491892,2.521892,2.851892,3.1418922,3.501892,3.7018921,3.611892,3.4118922,3.4218922,3.1818922,3.281892,4.3418922,4.131892,3.2118921,5.561892,3.7118921,1.5818921,1.9618921,1.4818921,0.5418921,-0.7381079,0.05189209,1.1218921,1.801892,2.3918922,2.9618921,3.361892,3.571892,3.781892,4.101892,4.521892
-2.388108,-2.3381078,-2.468108,-2.498108,-1.828108,-1.208108,-0.78810793,-0.5081079,-0.6981079,-1.0981079,-1.3481079,-0.90810794,-0.3081079,1.0718921,2.1418922,2.581892,2.521892,2.4418921,2.7018921,2.8918922,2.571892,2.361892,2.571892,2.3918922,2.4218922,2.3818922,2.4018922,2.591892,2.831892,2.9618921,3.041892,3.101892,3.041892,3.071892,3.601892,3.4218922,3.551892,3.751892,4.151892,4.361892,4.581892,4.641892,4.691892,5.161892,5.401892,5.951892,6.8218923,6.701892,5.831892,4.651892,4.161892,3.811892,3.6618922,3.621892,3.6418922,3.471892,2.9418921,2.6318922
-3.3481078,-2.7981079,-1.9681079,-1.6181079,-1.9981079,-1.1081079,-0.5081079,-0.5281079,0.29189208,-1.1081079,-0.26810792,-0.19810791,1.8818921,2.221892,2.761892,2.991892,2.821892,2.781892,2.4018922,2.791892,3.011892,2.371892,2.2118921,2.2118921,1.9618921,1.7118921,1.7818921,2.271892,2.111892,2.1718922,2.521892,3.081892,3.3918922,3.2118921,3.2018921,3.271892,3.271892,3.4118922,3.601892,3.7118921,3.791892,3.781892,3.621892,3.501892,3.571892,4.471892,4.391892,4.5118923,5.381892,5.431892,4.791892,4.7618923,4.771892,4.5518923,4.0318923,3.471892,3.071892,2.7018921
-2.8681078,-0.8681079,-2.258108,-1.7781079,-0.11810791,-0.18810791,0.06189209,2.361892,3.1818922,3.3918922,2.9618921,2.6418922,1.931892,1.6318921,1.421892,1.791892,2.1518922,2.241892,2.4318922,2.4518921,2.341892,2.6718922,2.561892,1.9518921,2.1518922,2.2018921,2.081892,1.7818921,1.5118921,1.5818921,1.921892,1.911892,1.8718921,1.8818921,1.9418921,1.7518921,1.2718921,1.1318921,1.2218921,1.431892,1.5318921,1.6418921,1.7418921,1.921892,2.091892,1.6118921,1.2318921,1.5118921,1.051892,0.8118921,0.7518921,0.90189207,1.0018921,1.1418921,1.931892,3.1418922,2.271892,1.541892
-3.418108,-2.3081079,-1.5981079,-1.458108,-1.588108,-1.4981079,-0.9381079,-0.78810793,-1.078108,-0.8281079,-0.65810794,0.0018920898,0.4718921,0.8518921,0.8918921,0.59189206,0.9418921,1.2818921,1.4618921,1.5718921,1.541892,1.6218921,2.051892,1.3418921,2.281892,2.1418922,1.7818921,1.431892,1.1118921,0.8818921,0.6818921,0.4018921,-0.1281079,0.4118921,0.5518921,0.48189208,0.8018921,0.5818921,0.65189207,1.0018921,0.5818921,0.39189208,0.3618921,0.12189209,0.13189209,0.7318921,1.1218921,0.8818921,0.7918921,1.1918921,1.3618921,0.78189206,0.21189208,0.3718921,0.35189208,-0.3481079,-0.59810793,-0.24810791
-2.0581079,-2.188108,-1.7281079,-2.1181078,-2.6181078,-2.668108,-2.728108,-2.988108,-3.468108,-3.0781078,-2.5381079,-1.7781079,-0.9581079,-0.6981079,-0.3381079,-0.17810792,-0.19810791,0.3618921,0.7618921,1.051892,1.3918921,1.1318921,0.8318921,1.1318921,1.4018921,1.8218921,1.4718921,0.6918921,0.2318921,-0.2381079,0.2018921,0.2718921,-0.13810791,-0.29810792,-0.2581079,0.12189209,0.4718921,0.26189208,0.09189209,0.17189209,0.4418921,0.35189208,0.19189209,0.2318921,0.4018921,0.6318921,0.5718921,0.9218921,0.4918921,0.8518921,1.1318921,1.561892,1.5218921,-0.2881079,-1.0481079,-1.3481079,-1.568108,-1.3681079
-2.7881079,-3.168108,-3.8181078,-4.288108,-4.828108,-4.6781077,-3.978108,-3.8481078,-4.108108,-4.498108,-3.908108,-3.008108,-2.478108,-1.8081079,-2.5581079,-2.3681078,-1.3681079,-1.0281079,-1.1081079,-0.90810794,-0.5081079,-0.7281079,-0.6481079,-0.4081079,0.1818921,0.3018921,0.4318921,0.38189209,-0.2381079,-0.8281079,-0.4481079,-0.16810791,-0.11810791,0.3718921,-0.5281079,-0.6681079,-0.84810793,-0.6081079,-0.6481079,-0.45810792,-0.3781079,0.11189209,-0.05810791,-0.05810791,0.10189209,0.4118921,0.84189206,1.0718921,1.1118921,1.1518921,1.3218921,0.8518921,0.19189209,-0.09810791,-0.5281079,-0.7781079,-1.5581079,-1.3981079
-4.9481077,-5.038108,-4.478108,-4.118108,-3.888108,-4.228108,-4.358108,-5.058108,-5.9881077,-6.568108,-6.138108,-4.2381077,-3.768108,-3.518108,-3.5681078,-2.8081079,-2.628108,-1.818108,-1.6781079,-1.7281079,-2.0881078,-2.178108,-2.3381078,-2.5681078,-2.3281078,-2.738108,-2.198108,-2.138108,-2.158108,-2.228108,-2.3181078,-2.408108,-2.498108,-2.768108,-1.9781079,-1.9681079,-1.698108,-1.708108,-1.4281079,-1.2181079,-1.0181079,-0.4181079,-0.5581079,-0.2781079,-0.4981079,-0.65810794,-0.8181079,-0.9781079,-0.6281079,-0.59810793,-0.71810794,-0.3081079,-0.2881079,-0.4781079,-1.1381079,-0.7481079,-0.9781079,-1.3981079
-4.578108,-5.318108,-5.788108,-5.858108,-6.018108,-5.878108,-5.628108,-4.978108,-6.128108,-5.118108,-4.9481077,-5.128108,-5.038108,-4.2381077,-3.5681078,-3.278108,-2.778108,-2.528108,-2.3381078,-2.208108,-2.748108,-2.378108,-2.448108,-2.668108,-2.8581078,-3.468108,-3.658108,-2.758108,-3.498108,-4.048108,-4.148108,-4.478108,-4.608108,-4.838108,-4.6981077,-4.608108,-3.8081079,-3.0981078,-2.478108,-1.948108,-1.9281079,-1.4981079,-1.7181079,-1.7481079,-1.588108,-1.7281079,-1.7781079,-3.0381079,-3.1081078,-3.3481078,-3.418108,-2.708108,-2.208108,-1.5181079,-1.708108,-2.488108,-2.8581078,-2.5681078
-6.688108,-5.008108,-2.728108,-4.7381077,-6.978108,-7.558108,-7.328108,-7.518108,-7.008108,-6.648108,-5.9081078,-5.708108,-5.4281077,-5.058108,-4.138108,-3.658108,-3.408108,-2.8581078,-2.378108,-2.488108,-2.438108,-2.478108,-2.698108,-2.1081078,-2.0881078,-2.5381079,-1.9281079,-2.8181078,-2.688108,-3.8281078,-3.8581078,-1.4081079,-1.3481079,-2.0981078,-2.1081078,-1.4981079,-1.318108,-1.3581079,-0.59810793,-1.2881079,-0.7981079,-0.3081079,-0.5881079,-1.198108,-2.5381079,-2.918108,-3.8381078,-4.088108,-4.548108,-4.378108,-4.078108,-5.098108,-3.7981079,-4.2381077,-3.258108,-3.3381078,-3.448108,-3.448108
-5.588108,-4.508108,-5.288108,-5.118108,-3.2881079,-1.1081079,-2.208108,-2.0781078,-6.1981077,-8.308108,-5.7381077,-4.4281077,-4.778108,-4.328108,-5.018108,-4.688108,-4.348108,-3.938108,-3.458108,-3.508108,-3.3181078,-2.518108,-1.828108,-1.4781079,-1.828108,-1.338108,-1.198108,-1.198108,-0.9481079,0.6118921,-0.65810794,0.29189208,-0.00810791,-0.22810791,-1.4281079,-1.4981079,-0.6981079,-1.3681079,-1.3481079,-0.8781079,-1.588108,-2.0481079,-0.6081079,-1.458108,-1.4881079,-2.998108,-4.9081078,-5.228108,-5.508108,-6.268108,-6.648108,-6.398108,-6.068108,-5.598108,-5.348108,-4.918108,-4.7181077,-3.378108
-5.558108,-4.388108,-4.028108,-4.228108,-4.088108,-3.878108,-3.128108,-1.6581079,-3.0481079,-2.158108,-1.5481079,-3.938108,-4.1781077,-4.578108,-4.6581078,-5.098108,-4.6981077,-4.4081078,-3.878108,-2.988108,-2.458108,-2.408108,-1.8081079,-1.208108,-1.198108,-1.3981079,-0.8581079,0.05189209,0.16189209,0.0018920898,-1.438108,-0.22810791,-0.3781079,-0.5481079,-1.3481079,-2.258108,-1.3681079,-1.0981079,-1.2181079,-1.4781079,-2.3281078,-2.188108,-4.228108,-2.0481079,-1.9081079,-5.4481077,-4.808108,-4.548108,-6.358108,-8.208108,-6.458108,-6.6781077,-6.578108,-6.398108,-6.7181077,-5.9281077,-5.798108,-4.588108
-9.598108,-9.618108,-8.648108,-5.708108,-4.298108,-4.308108,-6.368108,-4.058108,-1.8481079,-3.388108,-4.918108,-4.888108,-5.508108,-5.628108,-4.318108,-3.698108,-5.508108,-5.098108,-4.398108,-3.6081078,-2.918108,-2.158108,-1.568108,-1.688108,-1.4981079,-1.3481079,-1.1181079,-0.5781079,-1.1281079,0.2018921,0.65189207,-0.48810792,-0.2881079,-0.2581079,-0.9481079,-1.3481079,-2.1181078,-3.8481078,-2.968108,-4.708108,-5.798108,-6.398108,-3.8181078,-2.498108,-5.018108,-3.8381078,-4.778108,-7.4681077,-8.148108,-7.588108,-7.818108,-8.198108,-8.778108,-8.068108,-9.078108,-8.448108,-6.2181077,-4.688108
-5.478108,-5.838108,-9.118108,-6.008108,-6.648108,-8.278108,-7.938108,-7.558108,-7.668108,-8.248108,-7.918108,-7.6981077,-7.618108,-6.628108,-5.838108,-6.388108,-6.758108,-5.7381077,-5.6581078,-4.9281077,-3.3081079,-2.768108,-2.278108,-1.7181079,-1.5981079,-1.8581079,-1.9881079,-1.6681079,-1.0281079,-1.838108,-1.4181079,-0.8381079,-1.7381079,-3.028108,-3.178108,-3.468108,-4.4681077,-5.6581078,-4.768108,-6.598108,-4.098108,-5.288108,-5.6581078,-6.4481077,-4.228108,-7.388108,-6.438108,-8.348108,-9.908108,-9.308108,-9.808108,-8.158108,-8.4381075,-7.4881077,-9.738108,-10.718108,-7.048108,-6.548108
-4.298108,-2.708108,-4.288108,-5.368108,-5.168108,-9.628108,-10.1881075,-9.958108,-10.378108,-9.218108,-10.498108,-9.868108,-9.408108,-9.048108,-8.618108,-8.338108,-8.468108,-8.168108,-7.278108,-6.618108,-6.308108,-5.748108,-4.9081078,-3.668108,-4.118108,-3.898108,-3.5781078,-3.968108,-3.5981078,-4.478108,-4.108108,-2.8581078,-2.708108,-2.218108,-2.8481078,-3.658108,-4.9481077,-5.2381077,-4.028108,-5.9281077,-3.938108,-4.098108,-4.498108,-6.228108,-6.838108,-7.778108,-9.318108,-5.648108,-8.338108,-7.058108,-6.1581078,-10.548108,-11.738108,-10.718108,-12.888108,-12.698108,-8.318108,-7.848108
