public/data/weather/current/current-wind-surface-level-gfs-1.0.json
{"header": { "discipline":0, "disciplineName":"Meteorological products", "gribEdition":2, "gribLength":79070, "center":7, "centerName":"US National Weather Service - NCEP(WMC)", "subcenter":0, "refTime":"2026-05-29T06:00:00.000Z", "significanceOfRT":1, "significanceOfRTName":"Start of forecast", "productStatus":0, "productStatusName":"Operational products", "productType":1, "productTypeName":"Forecast products", "productDefinitionTemplate":0, "productDefinitionTemplateName":"Analysis/forecast at horizontal level/layer at a point in time", "parameterCategory":2, "parameterCategoryName":"Momentum", "parameterNumber":2, "parameterNumberName":"U-component_of_wind", "parameterUnit":"m.s-1", "genProcessType":2, "genProcessTypeName":"Forecast", "forecastTime":0, "surface1Type":103, "surface1TypeName":"Specified height level above ground", "surface1Value":10.0, "surface2Type":255, "surface2TypeName":"Missing", "surface2Value":0.0, "gridDefinitionTemplate":0, "gridDefinitionTemplateName":"Latitude_Longitude", "numberPoints":65160, "shape":6, "shapeName":"Earth spherical with radius of 6,371,229.0 m", "gridUnits":"degrees", "resolution":48, "winds":"true", "scanMode":0, "nx":360, "ny":181, "basicAngle":0, "lo1":0.0, "la1":90.0, "lo2":359.0, "la2":-90.0, "dx":1.0, "dy":1.0 }, "data":
[rows 26 to 51 of 181, columns 116 to 173 of 360]
-3.8281078,-5.288108,-3.138108,-4.368108,-4.9281077,-4.048108,-6.588108,-4.248108,-3.958108,-2.748108,-2.3381078,-4.228108,-0.9781079,-2.0681078,-3.0681078,-2.3581078,-1.7581079,-1.6681079,0.10189209,1.1518921,1.0218921,2.1518922,1.181892,2.081892,-1.1181079,-3.0481079,-2.0881078,-1.2381079,-1.818108,0.04189209,-2.3581078,0.3018921,0.5118921,-1.8781079,-0.8581079,1.6418921,-2.898108,-0.7781079,-0.07810791,-0.4181079,1.1118921,-2.2881079,-1.948108,-0.9381079,0.2818921,-0.5281079,-0.07810791,-0.4381079,1.5018921,0.7018921,1.811892,0.9318921,-1.068108,-1.1681079,-0.7781079,1.921892,-1.9681079,-0.48810792
0.06189209,-0.9481079,-3.438108,-2.3581078,0.7318921,-2.738108,-3.778108,-2.3181078,-1.7281079,-2.928108,-2.708108,-2.428108,-1.7481079,-1.6481079,-2.0881078,-3.668108,-2.188108,0.39189208,-0.6381079,-1.5581079,-1.3681079,0.48189208,0.90189207,1.3618921,0.6618921,-1.698108,-1.5181079,-3.2881079,-2.908108,-1.8481079,-1.3981079,-0.18810791,0.8718921,-1.0081079,0.0018920898,-0.65810794,0.6218921,0.35189208,-0.6781079,-1.828108,-1.5481079,-2.028108,-1.708108,0.1818921,-0.5681079,-0.59810793,0.4118921,0.8718921,-0.3381079,0.53189206,0.10189209,-0.5681079,-3.888108,-4.4281077,-2.5381079,0.02189209,0.8018921,0.04189209
3.1918921,2.231892,-2.278108,0.4118921,-0.84810793,-1.8481079,-1.7481079,-2.748108,-0.24810791,-0.3181079,-1.0181079,-0.78810793,-2.008108,-2.248108,-2.408108,-2.958108,0.01189209,-2.028108,-0.9481079,-1.448108,0.71189207,0.6118921,-0.5781079,-0.71810794,1.2718921,1.6918921,0.11189209,1.421892,-0.4481079,-0.4181079,0.3718921,0.42189208,0.7418921,0.3318921,-0.2781079,-1.6381079,-0.96810794,-0.5181079,-4.038108,-2.8081079,0.06189209,-1.7481079,1.0718921,0.24189208,-0.4481079,-1.8881079,-0.6381079,-1.1181079,-0.21810791,1.8418921,1.2218921,2.021892,2.761892,-0.78810793,-0.4981079,-0.4081079,0.6918921,1.3218921
2.261892,1.5118921,-1.068108,1.3618921,-2.0681078,0.71189207,-0.8681079,-2.7981079,-2.018108,0.24189208,-0.4181079,-0.09810791,-2.458108,-0.2081079,-0.78810793,1.061892,-0.39810792,-1.0181079,-1.3481079,-0.8981079,-2.8581078,-2.0981078,-1.698108,-1.3981079,-0.71810794,-0.5281079,-0.6781079,0.71189207,-1.198108,-1.088108,0.71189207,-0.9781079,-0.53810793,0.8718921,-0.7581079,-0.6081079,-0.5581079,-0.9881079,-1.838108,-1.3081079,-1.7381079,-2.3681078,-1.5281079,0.8318921,2.591892,-0.7681079,-1.588108,0.24189208,2.491892,1.5218921,1.5118921,2.721892,-0.04810791,0.14189209,0.7418921,-0.8081079,-0.4981079,-0.5881079
0.5218921,1.931892,-0.4981079,-0.9781079,3.2118921,-0.7581079,-0.2781079,-0.07810791,-0.36810791,-1.6181079,0.6218921,0.38189209,0.06189209,-1.5481079,0.2818921,-0.4481079,-0.04810791,-1.0281079,-1.5581079,-2.1081078,-3.158108,-2.408108,-2.8481078,-2.748108,-2.3081079,-2.1181078,-1.0381079,1.3318921,-1.3481079,-2.8681078,-0.7681079,-1.7181079,-1.7981079,0.6818921,-1.2281079,-0.78810793,-2.668108,0.19189209,-1.1281079,-3.6181078,-3.908108,-2.998108,-2.208108,-2.0381079,-2.3181078,-2.0581079,-1.7281079,-0.2881079,2.1718922,4.911892,5.241892,2.591892,2.981892,3.291892,1.0918921,-2.958108,-3.7981079,-4.438108
0.7318921,0.8018921,0.6618921,-1.1781079,0.84189206,1.5318921,-0.01810791,-0.2881079,-0.84810793,-0.6381079,-0.9281079,0.19189209,-0.6381079,-1.7681079,-1.6281079,-2.218108,-2.5981078,-0.96810794,-1.0081079,-2.178108,-3.388108,-2.738108,-3.938108,-6.828108,-7.118108,-5.338108,-4.838108,-4.098108,-6.008108,-7.328108,-7.358108,-7.768108,-7.1981077,-6.188108,-4.1781077,0.8118921,-1.1481079,-3.728108,-3.468108,-4.518108,-3.5881078,-3.3081079,-3.3381078,-2.478108,0.5818921,-2.758108,-0.45810792,-0.10810791,1.3718921,-0.32810792,-1.338108,-3.188108,-3.7881079,-5.518108,-6.508108,-7.248108,-8.198108,-8.748108
-1.4981079,0.8818921,3.6518922,1.4018921,2.6918921,4.3218923,0.7718921,-0.6881079,0.5118921,-0.29810792,-0.5681079,0.6618921,0.2518921,-0.22810791,-1.5481079,-2.498108,-2.8081079,-1.2881079,-1.4981079,-0.4981079,-3.398108,-4.2381077,-5.1581078,-5.258108,-2.208108,-4.528108,-5.308108,-7.268108,-8.158108,-8.198108,-7.598108,-7.2381077,-7.4281077,-7.898108,-8.798108,-8.928108,-8.388108,-7.668108,-7.758108,-6.148108,-5.328108,-6.578108,-2.888108,-4.628108,-3.7981079,-1.7781079,0.9118921,0.5818921,-1.3481079,-1.6581079,-2.0681078,-3.0981078,-4.248108,-5.1581078,-6.508108,-7.608108,-8.798108,-9.678108
0.3618921,-0.8181079,-0.00810791,2.601892,0.5418921,0.8218921,1.1318921,3.511892,-0.6981079,1.2218921,-0.8581079,-1.0281079,-2.028108,-2.458108,-0.7281079,-0.53810793,-0.5281079,-1.3081079,-2.748108,-1.5481079,0.0018920898,-2.248108,-0.8581079,-5.328108,-6.708108,-5.578108,-6.228108,-7.168108,-7.438108,-8.008108,-8.728107,-8.4381075,-8.1881075,-7.308108,-7.318108,-7.458108,-8.268108,-7.608108,-6.838108,-4.758108,-3.138108,-6.118108,-4.348108,-3.5481079,-3.728108,-2.948108,-1.5081079,-2.158108,-0.84810793,-0.088107914,-1.078108,-1.1781079,-0.4981079,-1.2581079,-1.0381079,-1.2881079,-1.7181079,-2.0481079
0.3018921,2.771892,4.161892,4.611892,4.0918922,2.541892,3.541892,2.011892,2.121892,0.16189209,-1.7181079,-1.818108,-0.06810791,-1.8481079,0.10189209,0.07189209,-1.9681079,-1.5281079,-0.10810791,-1.688108,-1.2681079,-2.3381078,-4.378108,-5.228108,-4.918108,-5.888108,-6.578108,-7.068108,-7.368108,-7.938108,-8.6881075,-9.338108,-8.998108,-8.778108,-8.708108,-8.658108,-7.998108,-7.188108,-7.078108,-5.2181077,-3.268108,-1.5981079,-3.728108,-2.228108,0.6718921,-1.5481079,-1.7481079,-3.0881078,-0.5781079,-0.4981079,0.71189207,1.791892,2.9418921,3.361892,3.8818922,3.6818922,4.481892,4.671892
1.5118921,2.061892,4.271892,1.8318921,1.0718921,-0.24810791,2.871892,1.431892,-0.45810792,-0.3381079,-1.3681079,-1.1681079,0.6318921,0.7018921,-0.18810791,-2.518108,-2.008108,-2.018108,-1.948108,-3.3281078,-7.208108,-3.888108,-2.2881079,-2.748108,-5.2381077,-6.028108,-6.328108,-6.788108,-8.028108,-9.548108,-10.618108,-10.998108,-11.508108,-11.458108,-11.048108,-10.918108,-9.368108,-7.598108,-5.808108,-2.138108,-2.278108,-4.288108,-2.1181078,-0.3481079,-2.3181078,-0.6081079,-0.8081079,-3.0981078,-2.128108,0.9918921,0.5418921,3.9518921,4.441892,5.361892,6.0118923,5.5718923,5.371892,4.141892
3.121892,4.681892,3.781892,3.311892,1.7618921,0.59189206,1.791892,0.5818921,-0.29810792,-0.78810793,-1.0481079,-1.5481079,-0.4781079,-5.068108,-2.148108,-6.618108,-5.808108,-7.228108,-1.2881079,-2.878108,0.7418921,-1.7381079,-1.6781079,-2.448108,-0.13810791,-2.978108,-2.988108,-4.458108,-10.088108,-12.138108,-13.538108,-14.678108,-15.038108,-14.788108,-13.878108,-13.148108,-11.658108,-10.068108,-8.398108,-5.018108,-0.2781079,-4.228108,-1.5081079,-2.0981078,-0.6281079,-5.768108,-4.1781077,-2.6081078,-0.5081079,0.7718921,2.291892,0.4418921,4.641892,6.951892,7.581892,8.141892,7.211892,8.461892
2.861892,1.8318921,3.1718922,1.4718921,1.931892,1.3318921,0.4118921,0.7318921,-1.1581079,-0.5681079,-2.468108,-0.3381079,-1.0381079,-0.16810791,-5.9081078,-4.758108,-2.228108,-6.138108,-5.498108,-2.468108,-2.188108,-0.088107914,1.4818921,-3.458108,-3.0681078,-2.3081079,-7.008108,-8.818108,-13.238108,-16.058107,-17.748108,-18.578108,-18.248108,-18.398108,-17.588108,-15.478107,-14.078108,-12.798108,-9.848108,-7.1581078,-8.778108,-9.238108,-3.8181078,-6.118108,-5.4081078,-5.648108,-5.4281077,-4.598108,-3.638108,0.4318921,1.661892,3.9318922,4.5718923,6.721892,8.711892,9.341892,9.741892,5.601892
2.9318922,2.471892,3.091892,1.3618921,1.301892,1.4418921,-0.2881079,1.0318921,-0.9481079,0.6618921,-0.7681079,-0.5081079,0.9918921,-3.208108,-3.158108,1.8618921,-1.1381079,-6.108108,-6.168108,-4.858108,0.11189209,-0.6781079,-3.688108,-0.8681079,-1.6081079,-5.348108,-6.348108,-10.168108,-14.838108,-17.068108,-19.148108,-18.848108,-19.128107,-18.648108,-19.058107,-19.628107,-17.148108,-15.408108,-14.1881075,-12.1881075,-12.018108,-6.688108,-3.738108,-4.548108,-5.1981077,-5.598108,-4.6781077,-4.518108,-3.8181078,-2.8081079,-1.1181079,1.3618921,3.751892,5.471892,7.161892,8.601892,9.501892,10.191892
2.821892,3.831892,0.6618921,0.9718921,1.9618921,2.041892,1.3918921,1.0818921,-0.5581079,-1.568108,0.8218921,1.4418921,1.6218921,3.841892,-1.7181079,0.2818921,0.26189208,0.10189209,-6.348108,-3.8681078,-2.8181078,0.8118921,-0.9281079,-1.188108,0.4918921,-4.778108,-8.328108,-6.778108,-7.688108,-11.298108,-14.798108,-15.548108,-15.848108,-16.118109,-17.718107,-18.798107,-22.308107,-19.318108,-12.518108,-11.818108,-17.348108,-10.278108,-6.9881077,-5.628108,-4.138108,-2.488108,-2.658108,-2.5481079,-2.1081078,-1.3681079,0.4018921,2.231892,3.781892,6.121892,7.3218923,8.421892,8.491892,9.131892
2.301892,4.691892,2.791892,1.661892,2.061892,3.4018922,1.7418921,0.7918921,0.9918921,-1.6781079,0.3618921,1.051892,1.8718921,2.301892,6.081892,-1.5181079,-2.028108,-0.65810794,-1.0281079,-1.2481079,0.16189209,0.11189209,0.9718921,1.5318921,0.9218921,-2.0981078,0.21189208,1.0918921,1.6318921,-3.438108,-9.548108,-12.288108,-13.198108,-13.388108,-13.108108,-14.908108,-16.138107,-19.558107,-18.398108,-19.448109,-10.448108,-9.068108,-7.918108,-5.4681077,-3.8281078,-4.188108,-1.568108,-0.5881079,1.1418921,1.5718921,2.831892,3.521892,4.581892,5.2818923,5.651892,6.391892,7.521892,7.771892
4.371892,3.981892,4.711892,2.731892,2.721892,3.8918922,3.9318922,1.4918921,0.09189209,1.561892,0.65189207,2.841892,1.7218921,2.601892,5.7818923,5.711892,1.311892,-0.9381079,-2.478108,-3.248108,-2.6181078,0.6618921,3.471892,2.4018922,2.871892,1.0918921,-0.65810794,0.9818921,-1.7981079,-2.948108,-4.088108,-7.618108,-8.638108,-9.028108,-8.598108,-12.498108,-12.978107,-16.978107,-16.478107,-14.568108,-12.518108,-10.228107,-8.338108,-6.808108,-5.918108,-3.998108,-3.3681078,-2.3281078,-0.7581079,0.04189209,0.6918921,1.171892,1.551892,2.1918921,2.6318922,3.311892,3.9518921,4.161892
4.351892,4.541892,2.6318922,5.101892,5.271892,4.441892,2.781892,2.6718922,0.4118921,3.1818922,3.1318922,2.6518922,4.901892,4.3418922,3.791892,3.221892,7.501892,0.29189208,-1.088108,-3.768108,-0.4181079,2.261892,3.081892,2.081892,4.5118923,7.451892,1.6318921,1.2718921,2.4118922,3.041892,-0.3181079,-3.428108,-3.478108,-6.878108,-8.948108,-9.378108,-12.488108,-15.338108,-15.588108,-13.318108,-11.648108,-9.978107,-9.288108,-7.298108,-6.478108,-5.9681077,-4.4281077,-3.908108,-4.108108,-3.518108,-3.0681078,-3.5381079,-2.748108,-2.148108,-1.5281079,0.02189209,0.71189207,0.9418921
4.061892,4.931892,4.5518923,5.5718923,6.751892,5.5118923,5.0718923,0.9318921,0.4618921,1.921892,3.9518921,3.9418921,6.141892,4.0718923,4.401892,5.221892,4.951892,-1.4681079,-0.7281079,0.02189209,1.801892,4.191892,4.601892,2.481892,1.791892,7.171892,3.1718922,2.101892,8.511892,8.051892,6.891892,2.001892,-0.5881079,-3.8381078,-8.398108,-8.398108,-10.838108,-12.498108,-13.1881075,-11.828108,-11.348108,-9.708108,-10.058108,-8.668108,-7.058108,-6.688108,-5.9881077,-6.648108,-5.958108,-5.708108,-5.438108,-4.858108,-4.328108,-4.168108,-3.388108,-2.248108,-1.1481079,-0.17810792
5.401892,6.5518923,5.671892,6.271892,6.671892,6.741892,6.121892,6.3218923,3.1418922,2.331892,2.621892,4.631892,7.0718923,5.611892,-0.07810791,1.791892,7.081892,1.4618921,-0.4081079,-0.6281079,3.301892,5.711892,4.951892,0.5418921,2.9118922,8.471892,10.021893,6.931892,5.241892,6.971892,6.881892,5.481892,1.4018921,-3.928108,-4.958108,-5.538108,-8.918108,-11.4381075,-12.178108,-11.4381075,-8.898108,-8.278108,-7.248108,-8.128108,-7.048108,-6.808108,-7.038108,-6.4281077,-6.608108,-6.9881077,-5.898108,-5.6981077,-4.868108,-3.7881079,-2.268108,-0.9981079,-1.0181079,-1.4281079
7.891892,8.821892,7.401892,7.3018923,6.181892,5.371892,5.581892,4.0718923,7.111892,4.831892,5.5718923,5.141892,5.0118923,5.5518923,6.251892,1.2318921,7.171892,4.811892,3.9318922,5.5318923,5.101892,5.911892,7.021892,3.4018922,6.861892,9.971892,7.831892,11.021893,13.331892,9.091892,6.661892,3.6718922,3.091892,1.9018921,-1.2981079,-2.0481079,-5.2381077,-9.868108,-10.098108,-10.158108,-9.458108,-7.618108,-7.368108,-5.4081078,-6.168108,-6.9481077,-5.6781077,-6.868108,-6.848108,-6.308108,-5.068108,-4.108108,-2.998108,-2.0681078,-1.5281079,-0.48810792,-0.5481079,-0.9981079
7.451892,8.921892,8.251892,8.391892,6.001892,6.631892,5.451892,4.381892,5.501892,3.4618921,4.041892,5.701892,4.991892,1.9018921,5.941892,6.961892,1.8918921,2.831892,6.171892,5.651892,5.911892,7.441892,7.431892,5.791892,6.191892,7.8418922,5.671892,6.371892,7.621892,0.9418921,3.1718922,1.9018921,4.711892,1.301892,-0.00810791,-0.8681079,-5.558108,-9.248108,-9.268108,-8.618108,-8.638108,-6.548108,-6.168108,-3.7881079,-4.898108,-4.978108,-5.518108,-4.9881077,-5.378108,-3.998108,-3.3481078,-3.7881079,-3.0781078,-3.3481078,-2.398108,-1.6281079,-1.1481079,-2.148108
6.8018923,6.5518923,7.681892,5.641892,6.981892,7.201892,5.941892,4.451892,4.5318923,3.871892,4.201892,4.721892,5.211892,5.5118923,4.621892,1.9618921,6.541892,2.521892,4.7818923,7.371892,4.921892,8.5618925,10.461892,9.331892,8.231892,2.4618921,3.4618921,7.661892,11.611892,8.751892,11.131892,9.821892,8.051892,3.821892,1.5718921,1.7618921,-5.098108,-7.648108,-7.418108,-7.038108,-7.778108,-5.558108,-5.398108,-3.5381079,-2.138108,-2.898108,-3.728108,-3.498108,-3.988108,-3.018108,-3.028108,-3.8381078,-4.748108,-4.318108,-4.2181077,-3.5981078,-3.478108,-2.948108
4.441892,4.751892,5.0118923,3.051892,4.561892,4.191892,5.311892,5.121892,4.681892,3.311892,4.021892,4.951892,8.711892,6.871892,2.351892,7.211892,9.141892,5.5918922,8.111892,9.691892,7.971892,7.191892,9.091892,9.861892,9.331892,6.121892,10.451892,12.891892,18.701893,17.071892,14.901892,11.001892,9.581892,6.371892,4.601892,0.90189207,-4.9681077,-6.118108,-6.848108,-7.848108,-6.728108,-5.4281077,-3.8081079,-1.7581079,-0.32810792,-0.7981079,-2.8681078,-2.698108,-1.9781079,-3.448108,-3.708108,-4.2181077,-4.618108,-4.628108,-5.898108,-5.458108,-3.5781078,-3.5381079
2.561892,1.6518921,1.921892,2.351892,3.011892,2.731892,3.571892,5.081892,3.8818922,3.1718922,1.8818921,5.901892,5.001892,6.0918922,2.3818922,7.201892,10.051892,7.961892,8.741892,8.601892,8.971892,8.951892,8.331892,9.111892,11.451892,16.741892,15.591892,14.171892,15.481892,14.751892,13.001892,10.021893,8.821892,7.101892,6.451892,2.821892,-3.758108,-4.7381077,-5.368108,-6.938108,-5.828108,-5.558108,-3.5581079,-1.3081079,-0.24810791,2.371892,-0.24810791,-1.1081079,-1.2581079,-2.228108,-2.428108,-4.028108,-4.398108,-5.898108,-5.148108,-5.668108,-5.808108,-5.608108
3.331892,1.181892,3.8918922,3.8918922,2.4118922,3.1318922,2.6818922,4.151892,4.311892,5.191892,3.811892,6.621892,7.561892,4.131892,5.741892,8.281892,9.431892,10.321892,9.251892,9.841892,10.781892,10.411892,10.481892,9.731892,7.491892,9.151892,6.3018923,11.121892,8.201892,8.891892,8.531892,7.3418922,6.791892,7.5718923,8.671892,1.7618921,-2.1081078,-4.048108,-5.848108,-3.528108,-3.8281078,-3.948108,-3.018108,-1.0181079,-0.42810792,1.6318921,2.9518921,1.551892,1.061892,-1.1581079,-3.028108,-3.258108,-3.628108,-3.908108,-5.4681077,-7.758108,-6.018108,-5.9081078
3.9218922,5.3018923,1.7518921,6.911892,5.271892,5.8018923,4.971892,6.451892,3.9218922,3.1918921,5.2618923,5.501892,7.041892,3.041892,3.3818922,6.311892,8.721892,9.571892,9.231892,9.261892,9.951892,9.681892,8.831892,9.041892,7.881892,9.981892,8.671892,12.121892,0.9118921,2.1718922,2.9618921,7.351892,6.881892,8.631892,6.3418922,1.8718921,-1.2881079,-2.948108,-4.6781077,-2.948108,-3.1181078,-2.8381078,-3.3181078,-1.4981079,0.09189209,2.371892,3.791892,4.7818923,3.3818922,1.2118921,-0.9181079,-1.5281079,-1.318108,-2.0881078,-3.428108,-6.148108,-6.668108,-5.9281077
